probability table
[1,2] = 0.262448,
[1,0] = 1.000000,
[2,3] = 0.238805,
[2,0] = 1.000000,
[3,4] = 0.264734,
[3,0] = 1.000000,
[4,2] = 0.241591,
[4,0] = 1.000000,
[3,2] = 0.271577,
[1,4] = 0.244087,
[4,4] = 0.219080,
[4,3] = 0.259737,
[3,5] = 0.251343,
[5,3] = 0.274532,
[5,0] = 1.000000,
[1,5] = 0.219535,
[3,3] = 0.212346,
[2,2] = 0.216135,
[1,3] = 0.273930,
[5,2] = 0.261313,
[2,5] = 0.269082,
[5,4] = 0.243649,
[5,5] = 0.220507,
[4,5] = 0.279592,
[2,4] = 0.275977,

the count:
[1,2] = 4960.000000,
[1,0] = 18899.000000,
[2,3] = 6373.000000,
[2,0] = 26687.000000,
[3,4] = 7196.000000,
[3,0] = 27182.000000,
[4,2] = 6364.000000,
[4,0] = 26342.000000,
[3,2] = 7382.000000,
[1,4] = 4613.000000,
[4,4] = 5771.000000,
[4,3] = 6842.000000,
[3,5] = 6832.000000,
[5,3] = 7165.000000,
[5,0] = 26099.000000,
[1,5] = 4149.000000,
[3,3] = 5772.000000,
[2,2] = 5768.000000,
[1,3] = 5177.000000,
[5,2] = 6820.000000,
[2,5] = 7181.000000,
[5,4] = 6359.000000,
[5,5] = 5755.000000,
[4,5] = 7365.000000,
[2,4] = 7365.000000,